487378109
497587843
664470128
669029926
708621024
770622949
787467461
822780709
824681177
831848381
855199494
880445960
901104041
904011907
919587172
963640768
994883389
1044744249
1098835257
1101296153
1138258812
1169830196
1193221762
1210862955
1237886526
1245291250
1254179201
1267964772
1318793576
1332745736
1340337331
1349548100
1350014552
1364938274
1395469230
1406072754
1443390866
1505927224
1513766702
1603405706
1610910851
1614283334
1619329846
1665646122
1670691722
1690273438
1705990848
1713353951
1753828083
1755932403
1782708502
1783757559
1785788651
1788425566
1789220711
1789884896
1813582251
1817554866
1821078849
1821275886
1832624956
1858398993
1891516714
1944240540
1947682100
1953368349
1972428589
1977701429
1981595323
1988611630
2018206489
2023986401
2040812243
2059601729
2060320370
2071381747
2084588900
2086478977
2121650280
2128957917
2133448357
2142112659
2143746261
2146341483
5024507065
5024853002
5027496986
5043434977
5043608387
5069116988
5074785996
5087948357
5162104453
5169399226
5183917511
5190359964
5194339087
5207567650
5209979378
5231489697
5234500259
5240778397
5241705794
5245564195
5252942456
5288365737
5288425610
5298889475
5299401085
5307782783
5318453267
5326120443
5350816873
5358288615
5359053005
5369954568
5387707738
5394229153
5407599291
5414522318
5415921905
5418375591
5418441410
5419270142
5426514694
5427581619
5429896272
5442892718
5445185330
5446348312
5449670147
5457396623
5464996850
5472801035
5480113261
5486726812
5490470760
5491217446
5491934743
5516316404
5530529476
5532131860
5537791830
5537963417
5550578286
5558465866
5576721382
5579657490
5593661042
5613208317
5615589715
5634795315
5636341965
5646814894
5651633057
5680845643
5685460765
5692829862
5693024762
5706815436
5712067376
5720956519
5723683605
5731161758
5739413604
5741669151
5745152537
5754399263
5757751775
5762105340
5774254583
5774900700
5779640928
5790945257
5810618842
5816585706
5820139782
5821558244
5835963293
5853579795
5860910395
5881273715
5884382524
5889174578
5890486396
5916743996
5935714057
5942820679
5950127328
5950635625
5951065595
5956784166
5957602914
5966153154
6007124815
6022940901
6036357857
6042648945
6063277736
6065863233
6081090074
6100205274
6100378552
6111959144
6122177665
6126372344
6130822915
6131672921
6145122309
6150963764
6171782564
6183379879
6188634110
6190088212
6205337449
6208731613
6214536921
6226014068
6238078834
6243051845
6243518234
6254956532
6266287032
6271953750
6276512774
6280098614
6288001975
6290587615
6292888971
6294399412
6306935416
6309170025
6324380266
6327844092
6332379633
6334551306
6336250308
6337515657
6341504950
6343676183
6350689803
6354850759
6356013258
6363787665
6369898349
6393482055
6401354386
6405460375
6406844882
6410829952
6414851853
6426973706
6430885373
6436646826
6471519162
6477263458
6477289263
6481813068
6486074371
6490161153
6496916557
6500082483
6500572119
6508157503
6531695311
6543292066
6555616662
6565468839
6569132717
6574244131
6592334658
6598833953
6599659834
6609256199
6621537414
6626107651
6648536865
6661205594
6661468357
6665980647
6667396455
6671963547
6684150372
6684168462
6687838122
6697202266
6712637793
6730365745
6731820093
6733464235
6735371076
6752493399
6756199418
6756390709
6757439904
6787744228
6805310038
6813867509
6828845280
6829796965
6830245662
6838017510
6839435639
6843488585
6843785968
6857038630
6860346714
6881698156
6887627207
6895473383
6898166609
6900063762
6900316769
6904679666
6908297053
6915490134
6915754933
6920922204
6925191082
6925549106
6930165253
6930258510
6936502147
6941638164
6943034665
6943190276
6973986479
6974179887
6974813650
6978710964
6980929210
6982345307
6983694864
6987458864
6987551889
6988145529
6990484718
6992715879
6995033914
6997710615
6998935238
7002632858
7003609758
7004264027
7005100123
7013428931
7019367839
7019679588
7020644226
7021252156
7024677490
7030052292
7030463125
7031012196
7031781002
7032763371
7037747909
7038708540
7040097185
7040976216
7041005802
7050724232
7052517787
7062775935
7070152228
7070879029
7076185586
7076261397
7086740194
7088592152
7091757634
7093395831
7095752769
7097383107
7098728650
7105526620
7110540608
7111489409
7116693308
7138661169
7149257069
7152127680
7155300826
7160538671
7171378911
7174876149
7176720925
7179930472
7181366952
7182717172
7188202958
7189914457
7199203093
7200249087
7201126336
7201351397
7202667424
7204043080
7205310041
7207539905
7208633738
7210675018
7211934550
7213177430
7213729887
7220106361
7232787583
7233472764
7240476975
7248481503
7252195941
7253726579
7255864525
7256016225
7256867463
7257112553
7258658314
7259140497
7262161407
7272175416
7272596199
7273113507
7275549680
7275851314
7281505057
7281740753
7285552854
7286890218
7289284381
7290750135
7292528707
7292648301
7295400081
7297227828
7300753229
7307949165
7309437029
7309846832
7312735904
7313206765
7318120493
7318592820
7320304147
7321590336
7321688156
7324319807
7324337734
7324781368
7326693855
7329982239
7331134520
7334448360
7335983822
7336694781
7348565765
7353546833
7361718581
7364010311
7367839481
7369558399
7370357362
7380761760
7383027200
7383835096
7388044708
7401911664
7402181318
7402660305
7403098404
7412287207
7414080885
7414586174
7415117693
7415786150
7417548712
7418051582
7421224812
7424538774
7425220039
7427874706
7428527008
7428697134
7432839078
7440137753
7440768780
7441436122
7451933121
7455149982
7459629356
7459940324
7461034168
7468940611
7469236841
7469784495
7473910791
7474035398
7487988563
7489357594
7494967272
7495313598
7495753997
7496626563
7498192294
7500865083
7504207917
7507123564
7507290600
7508273840
7513715341
7516178001
7522563045
7523845598
7526901227
7527377067
7530112526
7534838917
7540590365
7548420918
7550882735
7561560931
7562201355
7565520678
7570137426
7576477757
7576582131
7580717085
7581203016
7581770649
7583125415
7583253837
7585025716
7586467090
7589443665
7592372475
7603951171
7606158936
7606817684
7610042885
7611551343
7614677712
7620598361
7622205683
7623835273
7625099615
7625298024
7626066148
7638863982
7641418981
7644807105
7647505299
7648193621
7649686783
7652744096
7653041097
7655861051
7658138290
7661267943
7662428884
7672894256
7673124683
7675727233
7676205176
7682561614
7684598640
7685426888
7687307741
7688651256
7689589972
7695025742
7696931296
7700671155
7700750587
7705199317
7705233189
7715495690
7715771102
7723193771
7723468648
7724815273
7727881202
7728013505
7729998753
7731946343
7732464004
7735420285
7738484660
7742253228
7742483570
7752040818
7752805664
7757076823
7760348834
7760492851
7761346808
7763964693
7771895768
7773959071
7773965951
7775986544
7778460735
7784101911
7784298370
7788628051
7797800393
7798133363
7800794644
7803022811
7804249889
7807599251
7813882016
7814447086
7817365909
7820444644
7822784164
7827421934
7829703887
7830307395
7836051212
7836565388
7838075118
7838372545
7846488693
7848918439
7851712977
7855560852
7855719388
7874406549
7875084834
7882314715
7882796942
7888799543
7891256615
7892344360
7896383587
7897129582
7897441498
7900015831
7905752158
7906591714
7907494209
7909095977
7919958585
7922997798
7923011911
7927527321
7927982271
7930089896
7931523342
7932634364
7935502942
7935691137
7937892198
7940827698
7941349783
7942465763
7946272521
7946506513
7950560191
7955680494
7957324094
7960116793
7960380854
7963103169
7963699154
7964377349
7974123014
7983537649
7986621640
7991110850
7993995281
7996401109
8000232413
8001712895
8005638966
8007592072
8013134159
8024208991
8025212396
8030411068
8034645119
8037377392
8037460264
8037606314
8039204578
8039303025
8040922287
8041388432
8050798498
8058555045
8059857122
8062434595
8066541737
8076953579
8077140394
8077425913
8079215091
8080474152
8081306340
8090135141
8091582572
8092374604
8095004606
8095372558
8095481593
8096841492
8101618389
8103302379
8105218507
8113936487
8114462814
8114971163
8115134353
8118255290
8118900200
8133852815
8136068572
8138678852
8141800290
8151662837
8154986421
8156949348
8160981650
8167680059
8169541721
8172032954
8181581290
8183085505
8189200328
8192577764
8193353498
8196373617
8200972347
8209639196
8211357244
8212782424
8213212348
8216887142
8218884738
8219018850
8219218056
8224916708
8226286211
8226324593
8227376308
8229957221
8233047736
8233240708
8239327399
8239459748
8240277367
8240909670
8241737669
8243053325
8247111449
8251022748
8251780002
8254245101
8261955528
8263152981
8263365722
8263679674
8264163317
8273448032
8274324573
8277497130
8279343386
8280966632
8281338678
8286015875
8286963326
8289262896
8289597124
8296153843
8297644662
8298024626
8298834082
8299845625
8300944715
8304806710
8305087086
8308979682
8309311933
8313001739
8317097354
8318548544
8319417426
8319998563
8324004433
8324033662
8324092200
8333506767
8333524510
8338134314
8340945747
8341108082
8341641146
8344284789
8345175780
8345823311
8346575203
8347672887
8349148096
8353633347
8355696653
8356206569
8358647385
8359601564
8360708191
8364029465
8365224396
8365789776
8369369853
8370362617
8377037760
8379389032
8381478101
8382262632
8382354650
8382871939
8385457743
8386454241
8392967285
8398335780
8401436603
8405438414
8407641322
8409407565
8410710670
8414572464
8422623203
8423793965
8423806743
8425476354
8426053009
8431950811
8432133342
8432220962
8434009973
8435958402
8441108409
8442965051
8443138459
8446908940
8448826193
8456772963
8457451679
8458612378
8461080106
8466768798
8466825855
8472023626
8473701450
8475779329
8483563069
8485482269
8486794035
8487560883
8487911960
8489198753
8489922616
8492138929
8496829095
8501269955
8503561522
8505528160
8506532846
8508596183
8509116891
8509584994
8509907031
8513399083
8515845639
8516478322
8516673728
8517223178
8522749355
8523821689
8524192382
8525647961
8531187305
8535379871
8538427629
8539713850
8539968361
8544369716
8544940727
8556498254
8558232193
8562299612
8562927857
8567984472
8568297796
8568687709
8568805735
8570692001
8570829275
8572473251
8578207961
8580471621
8582708638
8583993219
8584607498
8586696260
8594696978
8596251460
